8 11 12 15 16 17 19 24
10 11 12 15 17 18 19 24
8 9 10 11 12 15 16 17 18 19 20 25
8 15 18 19
8 9 10 11 12 14 15 17 18 20 23
11 13 15 16 17 18 19 25
10 11 12 13 15 16 17 18 19 24 25
8 9 10 11 13 15 19 20
8 10 11 13 15
9 10 11 13 15
11 14 15 18 19
11 12 13 16 19
8 9 12 13 16 19
8 9 10 11 12 13 15 16 17 19 21 24
8 9 10 12 13 14 16 17 18 21
8 9 11 12 13 14 15 17 18 19 22 24
12 13 17 18 19
8 9 10 11 13 16 18 20
8 10 14 15 16 17 18 23
8 9 10 11 12 15 18 19 24
11 12 16 18
12 15 16 17
10 11 12 14 15 16 17 18 19 23
10 11 12 14 15 17 18 19 23
8 11 13 15 16
8 9 10 11 13 15 18 19 20
9 13 16 18 19
8 9 11 12 15 16 17 19 24
11 13 14 17
8 10 13 15
9 13 14 17 18 19
9 13 14 16 17 19
9 11 13 15
8 10 11 12 15 16 18 19 24
9 13 14 16 18 19
8 10 11 12 15 17 19 24
8 9 15 18
9 13 15 18
11 12 15 16 17 18 19
9 12 14 19
8 9 10 11 12 13 14 16 17 18 19 20 25
9 16 17 18 19
10 11 12 14 17
8 9 10 11 12 13 14 19 20
10 11 12 13 15 16 18 19 24
9 13 15 18 19
10 11 14 16 17
11 12 13 15 16
10 14 16 18 19
8 9 12 13 14 18 19
9 15 16 19
9 10 13 15 16 19
10 11 12 13 14 15 18 19 24
8 14 15 17 18
8 9 10 11 12 14 16 18 20
8 9 12 18
8 9 10 11 12 13 14 16 19 20
8 9 10 11 12 13 14 15 18 19 24
8 10 11 12 17
9 10 13 14 16 19
8 9 11 12 13 15 16 18 19 24
10 13 14 15 16 17
10 11 12 14 15 16
10 11 12 13 14 15 16 17 18 19 24
8 9 10 14 18 19
10 12 14 16 17 19
9 10 11 14 15 17 18 19
8 9 11 14 15 17 18
8 9 10 11 12 15 16 18 19 24
8 9 10 12 14 15 19
10 12 17 19
8 9 10 14 15 19
9 12 17 18
9 10 14 16 17 18 19
10 11 14 15 16 17 18 19
10 12 14 15 16 19
9 10 13 15 16 17 18 19
8 9 10 11 12 14 15 17 19 20
11 13 15 16 17 18 19
9 10 11 12 15 16 17 19 24
8 10 11 13 15 19
9 10 11 14 15 17 19
8 9 11 12 15 16 17 18 19 24
8 9 16 18 19
9 11 13 15 18
9 11 14 17 18 19
10 11 12 13 15 16 19
10 11 16 17 19
10 12 15 16 17 18 19
9 10 15 16 18
8 10 11 12 14 15 18 19
8 11 13 15 17 19
8 9 12 13 14 17 19
9 10 13 14 17 18 19
8 9 10 11 12 13 15 16 17 18 19 21
8 10 11 14 19
10 13 15 17 19
9 10 12 13 15 16
8 9 10 11 12 13 15 16 18 19 24
8 12 13 15 17
9 11 12 14 15 18
8 10 14 15 17
8 9 10 11 12 18 19
9 10 13 14 17 19
8 11 12 14 16 19
8 15 17
9 11 12 13 14 17
9 10 11 13 15 18 19
8 9 12 13 15 16
10 11 13 15 17 19
9 10 12 14 15 16 18 19
8 10 14 16 18
8 9 14 15 17 18 19
9 13 14 15 16 18
8 9 10 11 13 14 15 17 18
8 9 10 11 12 13 14 15 17 19 20
8 9 15 16 17 19
8 9 11 16 17 19
9 10 11 13 14 19
8 10 12 15 17
9 10 12 15 16 17 19
8 9 10 13 14 15 16
8 10 11 12 15 17 18 19
8 9 10 12 17 19
9 10 12 16 17 18 19
8 9 12 14 15 16 17 19
10 12 13 14 15 16 17
9 10 11 12 14 17 18 19
9 10 11 13 15 16 18 19
8 10 11 12 13 15 18 19
8 10 12 15 17 18
8 9 10 14 16 17 19
9 10 11 12 14 15 16 17 18
8 11 12 14 17 18
9 10 12 17 19
8 9 10 11 12 14 17 18 19
8 10 11 12 13 19
9 10 12 15 17 18
8 9 10 12 14 16 18 19
8 10 12 13 15 16 18 19
8 9 10 15 16 17 18
9 11 12 16 17 18 19
8 9 10 11 13 14 16 17 19
8 9 12 13 14 15 17 18 19
9 10 11 12 16 18 19
9 11 12 17 18
9 12 15 16 17 18 19
8 10 11 13 14 15 19
8 10 11 13 15 17 18 19
9 10 11 13 14 16 18 19
8 9 11 12 16 18 19
9 12 13 15 17 18
8 13 14 16 17 19
8 9 11 13 14 16 18
8 10 14 17 19
8 9 10 11 12 13 14 15 16 17 18 19 22 24
9 12 14 15 17
8 10 13 15 16 18
8 9 10 14 16 17 18 19
9 10 11 13 15 16 17
8 9 10 12 14 15 17 18
8 9 10 12 13 14 15 17 18 19
9 10 11 13 14 16 17 19
10 12 13 14 15 16 17 18 19
10 11 12 13 15 17
9 11 14 16 17 19
8 9 10 11 12 13 14 15 16 17
8 9 10 11 12 13 14 17 19
8 9 10 11 17 19
9 11 13 14 17 18 19
8 10 11 13 16 17 18 19
8 9 10 11 13 14 15 18 19
8 9 14 15 16 17 18 19
9 12 13 14 15 16 17 18
8 10 12 13 14 17 19
8 10 12 16 17 18
8 11 12 14 16 17 18
8 9 10 11 12 13 14 15 16 17 18 19 24
8 9 11 14 16 18 19
9 10 12 13 14 15 19
9 10 11 12 15 17
8 10 11 16 17 19
8 9 12 15 17 18
8 9 11 13 14 15 16 18 19
8 9 14 15 16 19
9 10 11 12 14 16 18 19
8 10 12 13 14 15 16 17 18
10 11 13 14 16 18 19
8 9 12 14 15 16 17
8 10 11 12 13 15 16 17 19
8 10 12 13 14 15 16 17 18 19
8 9 12 14 15 16 18
9 10 11 13 14 16 19
8 10 12 13 14 15 16 19
10 11 13 14 19
9 11 13 14 15 19
8 9 11 13 14 15 18 19
9 10 12 13 14 15 17 18
9 10 12 13 14 15 16 17
8 10 11 12 13 14 15 16 17 18
9 11 12 13 14 15 16 18
8 9 10 12 13 15 17 18 19
8 10 12 13 14 15 16 18
8 10 12 13 14 15 16 18 21 23
8 9 10 11 12 13 14 15 16 17 18 19
11
11 19
11 17
11 13
11 14
11 13 18
11 13 19
8 11 12
11 12 19
8 11 19
10 11 19
11 12 15 19 24
9 11 17 19
11 13 14 19
8 10 12 15
11 12 13 19
9 11 12 15 19 24
8 11 12 15 19 24
11 12 13 14 15 19 24
11 12
8 9 10 11 12 15 19 20 24
8 10 11 12 13 14 15 16 18 19 21 23 24
8 9 10 11 12 13 16 17 20 21
8 9 10 11 12 13 16 19 20 21
8 9 10 11 12 13 20
8 9 12 13 14 16 21
8 11 12 13 15 16 21
8 9 10 13
8 10 11 12
11 12 16
9 13 16
8 9 10 11 12 13 14 16 17 21 22
8 9 12 13 14 16 17 22
8 9 10 11 12 13 14 15 16 17 18 19 20 22 24 25
8 11 12 15 18 19 24
9 10 11 12 14 15 19 24
8 9 11 12 13 14 15 17 19 22 24
10 11 12 13 14 15 18 19 23 24
10 15 16 19
8 11 12 13 16
8 9 10 11 14 15 17 18 19 20 23
16 17 18 19
8 9 10 13 14 17 18 22
9 10 14 17 18
8 15 16 17 18 19 25
8 14 16 17 18 19 25
10 11 12 13 14 15 16 17 18 19 23 24
8 9 10 11 12 15 18 19 20
10 13 14 17
13 15 18
14 16 19
10 12 15 19
12 14 18
8 9 10 11 13 14 17 18 20
10 14 15 17 18 19
9 10 13 14 15 16 18 23 26
9 10 11 12 13 15 19 24 26
8 9 10 11 12 13 14 15 17 19 20 24 26
8 9 10 11 12 13 14 15 16 17 18 19 21 23 24 26
11 12 13 14 15 17 19 24 26
8 9 10 11 12 13 14 15 16 17 18 19 20 23 24 26
8 9 10 12 13 14 15 16 21 26
8 10 12 13 15 16 18 19 21 26
8 9 10 11 12 14 16 17 20 26
8 9 10 16 26
8 10 13 16 26
8 9 10 11 12 14 15 16 18 19 20 24 26
8 10 11 12 15 18 19 26
8 9 10 11 14 16 19 20 26
8 9 11 12 14 15 16 17 18 19 24 25 26
8 10 11 12 13 15 26
8 11 12 16 18 19 26
8 9 10 12 14 15 16 17 18 19 23 25 26
8 9 10 11 12 13 14 15 17 18 19 23 24 26
8 9 10 11 12 13 14 15 16 17 18 20 23 26
8 11 12 17 19 26
8 10 11 15 16 19 26
8 10 11 15 16 26
8 11 15 16 18 19 26
9 11 12 13 14 15 18 19 24 26
9 11 12 13 14 15 16 19 24 26
10 11 12 13 14 15 16 17 19 24 26
8 9 11 12 13 14 15 17 19 24 26
8 11 16 18 19 26
9 11 12 14 15 16 18 19 24 26
8 9 10 11 12 13 14 15 16 18 19 20 24 26
9 11 12 13 15 16 18 19 24 26
8 9 10 11 13 15 16 18 19 20 26
9 10 13 16 18 26
8 10 13 18 26
8 9 10 11 16 17 18 19 20 26
10 11 16 18 26
8 10 12 13 15 16 17 18 19 21 26
8 9 10 11 12 13 14 15 16 17 18 19 20 23 26
8 9 11 12 13 14 15 16 19 24 26
8 9 10 11 12 13 14 18 19 20 26
8 9 10 11 14 15 16 17 18 19 20 26
8 9 10 12 15 16 17 18 19 25 26
8 9 10 11 12 13 15 16 17 18 21 26
8 9 10 12 13 14 15 16 18 19 21 26
8 9 10 12 13 15 16 17 18 19 21 26
8 9 10 12 13 14 15 16 17 18 19 21 26
8 9 11 14 15 16 17 18 19 26
8 9 10 12 14 15 16 17 18 19 26
8 10 12 13 14 16 18 26
8 9 10 11 12 13 14 15 16 18 19 26
11 17 19 26
8 10 12 15 18 26
9 11 12 14 15 19 24 26
8 9 10 11 12 13 15 16 19 20 21 24 26
9 10 11 12 13 14 15 16 17 18 19 22 23 24 25 26
8 9 10 11 12 13 14 15 16 17 18 19 20 21 22 23 24 26
8 9 10 11 12 13 14 15 16 17 18 19 20 21 22 23 24 25 26
8 9 10 11 12 13 14 15 16 19 20 21 24 26
8 9 11 12 13 14 15 16 17 18 19 22 24 25 26
8 9 10 11 12 13 14 15 16 17 18 19 20 22 23 24 26
8 9 10 11 12 13 14 15 16 17 18 20 22 23 26
10 11 12 13 14 15 17 18 19 23 24 26
9 10 12 13 14 15 17 18 19 22 23 26
8 12 16 18 19 26